111
200 600
220 600
240 600
260 600
280 600
300 600
320 600
340 600
360 600
380 600
400 600
420 600
440 600
460 600
480 600
500 600
520 600
540 600
560 600
580 600
220 565
240 565
260 565
280 565
300 565
320 565
340 565
360 565
380 565
400 565
420 565
440 565
460 565
480 565
500 565
520 565
540 565
560 565
240 530
260 530
280 530
300 530
320 530
340 530
360 530
380 530
400 530
420 530
440 530
460 530
480 530
500 530
520 530
540 530
260 495
280 495
300 495
320 495
340 495
360 495
380 495
400 495
420 495
440 495
460 495
480 495
500 495
520 495
280 460
300 460
320 460
340 460
360 460
380 460
400 460
420 460
440 460
460 460
480 460
500 460
300 425
320 425
340 425
360 425
380 425
400 425
420 425
440 425
460 425
480 425
320 390
340 390
360 390
380 390
400 390
420 390
440 390
460 390
340 355
360 355
380 355
400 355
420 355
440 355
360 320
380 320
400 320
420 320
380 285
400 285